EC_Setpoint: 0.7500, EC_Read: 0.4638, IR_Temp: 1644.5098, VA_Temp: 1525.4583
V0_Set: 3.5000, V0_Read 3.4998, Pulse_Bool: 0.0000, Rise_Threshold: 0.0500
Cathode Voltage: 2.5308, Cathode Current: 1.7011, Cathode Impedance: 1.4889, Cathode Power: 4.3097
Cu Gun Pf: 2123.4146, Cu Gun Pr: 585.7950, Cu Gun Pt: 5.2092, Cu Gun V: 119.8460
BH Pf: 99.6000, BH Pr: 3.3341, BH Pt: 1.4547, Pulse Frequency: 0.0000
SRF Pf: 39.5880, SRF Pr: 37.9169, SRF Pt: -40.0000, Pulse Duty: 0.0000
Raw DP1(Amps), Raw Collection(mA), Percent Collection , Conversion to mms
0.5006778836250305, 0.00015259021893143654, 0.020345362524191536, 0.0, 
0.49968107289606983, 0.00013733119703829288, 0.018310826271772385, 0.09900990099009764, 
0.49868426216710915, 0.00012207217514514923, 0.016276290019353233, 0.19801980198019528, 
0.4976874514381484, -0.0028992141596972942, 0.3865618879596392, 0.29702970297029846, 
0.4966906407091877, -0.012664988520555198, 1.6886651360740264, 0.3960396039603961, 
0.49569382998022704, -0.031265735952183606, 4.16876479362448, 0.49504950495049377, 
0.49469701925126636, -0.051834897324442866, 6.911319643259049, 0.5940594059405914, 
0.4937002085223056, -0.06598001029342412, 8.797334705789883, 0.6930693069306946, 
0.49270339779334493, -0.07997253462672234, 10.66300461689631, 0.7920792079207922, 
0.49170658706438425, -0.09086747467517853, 12.115663290023804, 0.8910891089108898, 
0.49070977633542356, -0.09938200935721397, 13.250934580961863, 0.9900990099009875, 
0.4897129656064628, -0.10617227517068387, 14.156303356091183, 1.0891089108910905, 
0.48871615487750214, -0.11387808099389077, 15.18374413251877, 1.1881188118811883, 
0.48771934414854146, -0.12057678997516633, 16.076905330022175, 1.287128712871286, 
0.48672253341958077, -0.1258564118295908, 16.780854910612106, 1.3861386138613834, 
0.48572572269062003, -0.1321889042854309, 17.625187238057453, 1.4851485148514867, 
0.48472891196165935, -0.13929961174726485, 18.57328156630198, 1.5841584158415845, 
0.48373210123269866, -0.14552529156208038, 19.403372208277382, 1.683168316831682, 
0.482735290503738, -0.15049973428249358, 20.06663123766581, 1.7821782178217795, 
0.48173847977477724, -0.1554436556994915, 20.7258207599322, 1.8811881188118829, 
0.48074166904581656, -0.1585259772837162, 21.136796971162163, 1.9801980198019806, 
0.47974485831685587, -0.16298161074519157, 21.730881432692208, 2.079207920792078, 
0.4787480475878952, -0.16783398166298866, 22.377864221731823, 2.1782178217821757, 
0.47775123685893445, -0.17283894270658492, 23.04519236087799, 2.277227722772279, 
0.47675442612997376, -0.1767757683992386, 23.57010245323181, 2.3762376237623766, 
0.4757576154010131, -0.1808346688747406, 24.111289183298744, 2.475247524752474, 
0.4747608046720524, -0.19856565296649933, 26.475420395533245, 2.574257425742572, 
0.47376399394309165, -0.19702449068427086, 26.269932091236115, 2.673267326732675, 
0.47276718321413097, -0.19839780181646346, 26.45304024219513, 2.7722772277227725, 
0.4717703724851703, -0.19954222962260246, 26.605630616346993, 2.8712871287128703, 
0.4707735617562096, -0.20312809944152832, 27.083746592203777, 2.970297029702968, 
0.46977675102724886, -0.2061493828892708, 27.486584385236107, 3.069306930693071, 
0.4687799402982882, -0.20798046812415122, 27.73072908322016, 3.168316831683169, 
0.4677831295693275, -0.21046768948435784, 28.06235859791438, 3.2673267326732662, 
0.4667863188403668, -0.21237506568431855, 28.316675424575806, 3.366336633663364, 
0.46578950811140607, -0.21431296393275262, 28.57506185770035, 3.4653465346534675, 
0.4647926973824454, -0.2365300975739956, 31.537346343199413, 3.564356435643565, 
0.4637958866534847, -0.23083848282694816, 30.778464376926422, 3.6633663366336626, 
0.462799075924524, -0.2243228830397129, 29.909717738628387, 3.7623762376237604, 
0.4618022651955633, -0.22272068485617638, 29.696091314156853, 3.861386138613863, 
0.4608054544666026, -0.22705424726009368, 30.273899634679157, 3.9603960396039612, 
0.4598086437376419, -0.24504463300108908, 32.672617733478546, 4.059405940594059, 
0.4588118330086812, -0.24031433314085007, 32.04191108544668, 4.158415841584156, 
0.4578150222797205, -0.24104676842689515, 32.13956912358602, 4.257425742574259, 
0.4568182115507598, -0.2428320750594139, 32.37761000792185, 4.356435643564357, 
0.4558214008217991, -0.24524300023913384, 32.69906669855118, 4.455445544554454, 
0.45482459009283843, -0.24794384837150574, 33.05917978286743, 4.554455445544552, 
0.4538277793638777, -0.2506141781806946, 33.41522375742594, 4.653465346534656, 
0.452830968634917, -0.2726787209510803, 36.35716279347738, 4.752475247524753, 
0.4518341579059563, -0.27342641204595564, 36.456854939460754, 4.8514851485148505, 
0.45083734717699564, -0.26897077560424804, 35.862770080566406, 4.950495049504948, 
0.4498405364480349, -0.264805069565773, 35.30734260876973, 5.049504950495052, 
0.4488437257190742, -0.25873197466135023, 34.49759662151337, 5.1485148514851495, 
0.44784691499011353, -0.28039978742599486, 37.38663832346598, 5.247524752475247, 
0.44685010426115285, -0.2772106483578682, 36.961419781049095, 5.346534653465344, 
0.44585329353219216, -0.2673990949988365, 35.653212666511536, 5.445544554455442, 
0.4448564828032314, -0.2563820883631706, 34.18427844842275, 5.544554455445545, 
0.44385967207427074, -0.24338140040636064, 32.45085338751475, 5.643564356435643, 
0.44286286134531005, -0.23016708642244338, 30.688944856325783, 5.742574257425741, 
0.4418660506163493, -0.21527428254485131, 28.703237672646843, 5.841584158415843, 
0.44086923988738863, -0.2247043564915657, 29.96058086554209, 5.940594059405941, 
0.43987242915842795, -0.21861600652337074, 29.148800869782765, 6.03960396039604, 
0.43887561842946726, -0.20196841284632683, 26.92912171284358, 6.138613861386136, 
0.4378788077005066, -0.1880674444139004, 25.075659255186718, 6.237623762376234, 
0.43688199697154584, -0.1747158020734787, 23.29544027646383, 6.336633663366338, 
0.43588518624258515, -0.16356145441532136, 21.808193922042847, 6.435643564356434, 
0.43488837551362447, -0.15661860033869743, 20.882480045159657, 6.5346534653465325, 
0.43389156478466373, -0.145540551841259, 19.405406912167866, 6.633663366336636, 
0.43289475405570305, -0.1430991068482399, 19.079880913098656, 6.732673267326733, 
0.43189794332674236, -0.14517433419823647, 19.356577893098194, 6.831683168316831, 
0.4309011325977817, -0.13870450854301453, 18.49393447240194, 6.930693069306929, 
0.429904321868821, -0.13237201496958734, 17.649601995944977, 7.029702970297027, 
0.42890751113986025, -0.12607003822922708, 16.80933843056361, 7.12871287128713, 
0.42791070041089957, -0.12468146793544292, 16.624195724725723, 7.227722772277227, 
0.4269138896819389, -0.1188982978463173, 15.853106379508972, 7.326732673267325, 
0.42591707895297815, -0.11276417188346385, 15.03522291779518, 7.425742574257428, 
0.42492026822401746, -0.10774395316839218, 14.36586042245229, 7.524752475247526, 
0.4239234574950568, -0.11065842732787132, 14.754456977049509, 7.623762376237623, 
0.4229266467660961, -0.10794232077896596, 14.392309437195461, 7.722772277227721, 
0.4219298360371354, -0.10281528942286969, 13.708705256382625, 7.821782178217819, 
0.42093302530817467, -0.09860379956662654, 13.147173275550205, 7.9207920792079225, 
0.419936214579214, -0.09887846112251282, 13.183794816335043, 8.01980198019802, 
0.4189394038502533, -0.10031281001865863, 13.37504133582115, 8.118811881188117, 
0.41794259312129256, -0.09527733214199544, 12.703644285599392, 8.21782178217822, 
0.4169457823923319, -0.09100480675697327, 12.133974234263102, 8.316831683168317, 
0.4159489716633712, -0.08722056783735752, 11.629409044981003, 8.415841584158416, 
0.4149521609344105, -0.08850232660770416, 11.800310214360554, 8.514851485148514, 
0.4139553502054498, -0.08868543617427349, 11.824724823236465, 8.61386138613861, 
0.4129585394764891, -0.0863050289452076, 11.507337192694346, 8.712871287128714, 
0.4119617287475284, -0.08381780758500099, 11.175707678000132, 8.811881188118813, 
0.4109649180185677, -0.08151369616389274, 10.868492821852366, 8.910891089108908, 
0.409968107289607, -0.07908751107752324, 10.545001477003098, 9.009900990099013, 
0.4089712965606463, -0.07670710384845733, 10.227613846460978, 9.10891089108911, 
0.4079744858316856, -0.07406729236245155, 9.875638981660206, 9.207920792079209, 
0.4069776751027249, -0.07106126509606839, 9.474835346142452, 9.306930693069305, 
0.40598086437376424, -0.06797894164919853, 9.063858886559805, 9.405940594059404, 
0.4049840536448035, -0.06744487658143043, 8.992650210857391, 9.504950495049506, 
0.4039872429158428, -0.06619363687932492, 8.825818250576656, 9.603960396039604, 
0.40299043218688213, -0.06341649517416954, 8.455532689889273, 9.702970297029701, 
0.40199362145792145, -0.06395056061446666, 8.526741415262222, 9.8019801980198, 
0.40099681072896076, -0.06477454900741578, 8.636606534322103, 9.900990099009896, 
0.4, -0.0628976870328188, 8.386358271042505, 10.0, 
0.4000000059604645, -0.06193636935204268, 8.258182580272356, 9.99999940796685, 
0.4009968166304107, -0.06227206811308861, 8.30294241507848, 9.900989512838462, 
0.40199362730035687, -0.0633554581552744, 8.447394420703253, 9.801979617710082, 
0.4029904379703031, -0.06448462568223476, 8.597950090964634, 9.702969722581694, 
0.40398724864024926, -0.0653849083930254, 8.71798778573672, 9.603959827453313, 
0.4049840593101955, -0.06649881862103939, 8.866509149471918, 9.504949932324925, 
0.40598086998014166, -0.07753109075129032, 10.337478766838709, 9.405940037196544, 
0.4069776806500879, -0.08197146579623223, 10.929528772830963, 9.306930142068156, 
0.40797449132003405, -0.0844892043620348, 11.265227248271307, 9.207920246939775, 
0.4089713019899803, -0.09137102402746677, 12.182803203662235, 9.108910351811387, 
0.40996811265992644, -0.0935683224350214, 12.47577632466952, 9.009900456683006, 
0.41096492332987267, -0.09417868256568909, 12.557157675425213, 8.910890561554618, 
0.41196173399981884, -0.09132524654269218, 12.176699539025625, 8.811880666426235, 
0.41295854466976506, -0.0953841459006071, 12.717886120080948, 8.71287077129785, 
0.4139553553397113, -0.09544518180191516, 12.726024240255354, 8.613860876169463, 
0.41495216600965745, -0.09279011189937592, 12.37201491991679, 8.51485098104108, 
0.4159489766796037, -0.09199664331972598, 12.266219109296799, 8.415841085912692, 
0.41694578734954985, -0.09625390954315663, 12.833854605754217, 8.316831190784312, 
0.41794259801949607, -0.0950179297477007, 12.669057299693426, 8.217821295655925, 
0.41893940868944224, -0.09535362794995308, 12.713817059993746, 8.118811400527543, 
0.41993621935938846, -0.10983444042503834, 14.64459205667178, 8.019801505399155, 
0.42093303002933463, -0.11389333829283714, 15.185778439044952, 7.920791610270774, 
0.42192984069928086, -0.11613641567528248, 15.484855423370997, 7.821781715142386, 
0.422926651369227, -0.11729610115289688, 15.639480153719584, 7.722771820014005, 
0.42392346203917325, -0.11828793846070766, 15.771725128094355, 7.623761924885618, 
0.4249202727091194, -0.11860837675631046, 15.814450234174728, 7.524752029757236, 
0.42591708337906564, -0.11831845566630364, 15.775794088840486, 7.425742134628849, 
0.4269138940490118, -0.1192950326949358, 15.906004359324774, 7.326732239500467, 
0.42791070471895803, -0.12045471929013729, 16.060629238684974, 7.227722344372079, 
0.42890751538890426, -0.12227054312825203, 16.302739083766937, 7.128712449243693, 
0.42990432605885043, -0.12474250420928001, 16.63233389457067, 7.029702554115311, 
0.43090113672879665, -0.12744335122406483, 16.99244682987531, 6.930692658986923, 
0.4318979473987428, -0.13086137026548386, 17.448182702064514, 6.831682763858542, 
0.43289475806868905, -0.13392843380570413, 17.857124507427216, 6.732672868730155, 
0.4338915687386352, -0.1380025938153267, 18.40034584204356, 6.633662973601773, 
0.43488837940858144, -0.14419775754213332, 19.226367672284443, 6.534653078473386, 
0.4358851900785276, -0.14892805367708206, 19.85707382361094, 6.435643183345005, 
0.43688200074847383, -0.1567711904644966, 20.902825395266213, 6.336633288216617, 
0.43787881141842, -0.16395819038152695, 21.86109205087026, 6.237623393088235, 
0.4388756220883662, -0.17296101450920104, 23.061468601226807, 6.138613497959849, 
0.4398724327583124, -0.18420691266655922, 24.56092168887456, 6.039603602831466, 
0.4408692434282586, -0.1935149163007736, 25.801988840103146, 5.940593707703079, 
0.4418660540982048, -0.2037842370569706, 27.17123160759608, 5.841583812574697, 
0.442862864768151, -0.21504539549350737, 28.672719399134316, 5.742573917446309, 
0.44385967543809723, -0.22317845448851586, 29.75712726513545, 5.643564022317923, 
0.4448564861080434, -0.23433279916644095, 31.244373222192127, 5.544554127189541, 
0.4458532967779896, -0.24248111769557, 32.33081569274267, 5.445544232061153, 
0.4468501074479358, -0.24800488352775574, 33.06731780370076, 5.3465343369327725, 
0.447846918117882, -0.25386434644460676, 33.84857952594757, 5.247524441804385, 
0.4488437287878282, -0.25680933743715284, 34.24124499162038, 5.148514546676003, 
0.4498405394577744, -0.25906767696142197, 34.54235692818959, 5.0495046515476165, 
0.4508373501277206, -0.26034943014383316, 34.71325735251109, 4.950494756419234, 
0.4518341607976668, -0.26057831943035126, 34.74377592404683, 4.851484861290847, 
0.452830971467613, -0.2598153665661812, 34.64204887549083, 4.752474966162465, 
0.4538277821375592, -0.2931105524301529, 39.08140699068705, 4.653465071034078, 
0.45482459280750537, -0.3200427249073982, 42.67236332098643, None, 
0.4558214034774516, -0.3088883802294731, 41.18511736392975, None, 
0.45681821414739776, -0.30228122472763064, 40.30416329701742, None, 
0.457815024817344, -0.2966353833675385, 39.55138444900513, None, 
0.4588118354872902, -0.29077592492103577, 38.770123322804764, None, 
0.4598086461572364, -0.2861066609621048, 38.14755479494731, None, 
0.4608054568271826, -0.2805218562483788, 37.4029141664505, None, 
0.46180226749712877, -0.2754253476858139, 36.723379691441856, None, 
0.462799078167075, -0.2922560453414917, 38.96747271219889, None, 
0.46379588883702116, -0.30041962414979934, 40.055949886639915, None, 
0.4647926995069674, -0.29697108566761016, 39.59614475568136, None, 
0.46578951017691356, -0.2833905562758446, 37.785407503445946, None, 
0.4667863208468598, -0.30215915143489835, 40.28788685798645, None, 
0.46778313151680595, -0.2933089166879654, 39.107855558395386, None, 
0.4687799421867522, -0.2769359901547432, 36.924798687299095, None, 
0.4697767528566984, -0.2634317517280579, 35.12423356374105, None, 
0.47077356352664457, -0.25308613628149035, 33.74481817086538, None, 
0.47177037419659074, -0.24571603089570998, 32.76213745276133, None, 
0.47276718486653696, -0.23710994124412538, 31.614658832550052, None, 
0.4737639955364832, -0.27667658478021623, 36.89021130402883, None, 
0.47476080620642935, -0.25404745936393736, 33.872994581858315, None, 
0.4757576168763756, -0.24063477516174317, 32.08463668823242, None, 
0.47675442754632175, -0.23198290914297104, 30.931054552396137, None, 
0.47775123821626797, -0.22082856371998788, 29.443808495998386, None, 
0.47874804888621414, -0.23495841920375823, 31.327789227167763, None, 
0.47974485955616036, -0.23422598615288734, 31.230131487051644, None, 
0.48074167022610653, -0.24884412959218025, 33.17921727895737, None, 
0.48173848089605276, -0.2375219352543354, 31.66959136724472, None, 
0.4827352915659989, -0.209445334225893, 27.9260445634524, None, 
0.48373210223594515, -0.19046311005949973, 25.39508134126663, None, 
0.4847289129058914, -0.20680552273988723, 27.57406969865163, None, 
0.48572572357583754, -0.22159151658415793, 29.54553554455439, None, 
0.4867225342457837, -0.21324483230710028, 28.43264430761337, None, 
0.48771934491572994, -0.18525978550314903, 24.701304733753204, None, 
0.48871615558567616, -0.18963912427425383, 25.28521656990051, None, 
0.48971296625562233, -0.1895933471620083, 25.27911295493444, None, 
0.49070977692556855, -0.19017319083213807, 25.356425444285076, None, 
0.4917065875955147, -0.1878690779209137, 25.049210389455162, None, 
0.49270339826546095, -0.16644541174173355, 22.192721565564476, None, 
0.4937002089354071, -0.13453879654407502, 17.93850620587667, None, 
0.49469701960535334, -0.10365453734993935, 13.820604979991913, None, 
0.49569383027529956, -0.06814679112285375, 9.0862388163805, None, 
0.49669064094524573, -0.03695735093206167, 4.927646790941556, None, 
0.4976874516151919, -0.03254749365150929, 4.339665820201239, None, 
0.4986842622851381, -0.005432211770676076, 0.7242949027568102, None, 
0.49968107295508435, -0.0003051804378628731, 0.04069072504838307, None, 
0.5006778836250305, 0.00012207217514514923, 0.016276290019353233, None, 
