EC_Setpoint: 0.7500, EC_Read: 0.4320, IR_Temp: 1643.7806, VA_Temp: 1525.1696
V0_Set: 3.5018, V0_Read 3.5010, Pulse_Bool: 0.0000, Rise_Threshold: 0.0500
Cathode Voltage: 2.5320, Cathode Current: 1.6990, Cathode Impedance: 1.4908, Cathode Power: 4.3034
Cu Gun Pf: 2122.3582, Cu Gun Pr: 584.1808, Cu Gun Pt: 5.2187, Cu Gun V: 119.9337
BH Pf: 99.5000, BH Pr: 3.7031, BH Pt: 1.3911, Pulse Frequency: 0.0000
SRF Pf: 39.5880, SRF Pr: 37.9169, SRF Pt: -40.0000, Pulse Duty: 0.0000
Raw DP1(Amps), Raw Collection(mA), Percent Collection , Conversion to mms
0.5006778836250305, 0.00013733119703829288, 0.018310826271772385, 0.0, 
0.49968107289606983, 0.00015259021893143654, 0.020345362524191536, 0.09900990099009764, 
0.49868426216710915, 0.00015259021893143654, 0.020345362524191536, 0.19801980198019528, 
0.4976874514381484, -0.00013733119703829288, 0.018310826271772385, 0.29702970297029846, 
0.4966906407091877, -0.004409857327118516, 0.5879809769491355, 0.3960396039603961, 
0.49569382998022704, -0.02833600379526615, 3.7781338393688197, 0.49504950495049377, 
0.49469701925126636, -0.042771038319915536, 5.702805109322071, 0.5940594059405914, 
0.4937002085223056, -0.056946669705212116, 7.592889294028282, 0.6930693069306946, 
0.49270339779334493, -0.07077134363353252, 9.436179151137669, 0.7920792079207922, 
0.49170658706438425, -0.08297856263816357, 11.063808351755142, 0.8910891089108898, 
0.49070977633542356, -0.09166094437241554, 12.221459249655405, 0.9900990099009875, 
0.4897129656064628, -0.10038910508155822, 13.38521401087443, 1.0891089108910905, 
0.48871615487750214, -0.10663004480302334, 14.217339307069778, 1.1881188118811883, 
0.48771934414854146, -0.11299305744469165, 15.065740992625553, 1.287128712871286, 
0.48672253341958077, -0.11953917779028415, 15.938557038704554, 1.3861386138613834, 
0.48572572269062003, -0.12587167285382747, 16.782889713843662, 1.4851485148514867, 
0.48472891196165935, -0.13167010098695756, 17.556013464927673, 1.5841584158415845, 
0.48373210123269866, -0.13756007850170135, 18.34134380022685, 1.683168316831682, 
0.482735290503738, -0.1417105346918106, 18.89473795890808, 1.7821782178217795, 
0.48173847977477724, -0.146456091850996, 19.527478913466133, 1.8811881188118829, 
0.48074166904581656, -0.14956893399357796, 19.94252453247706, 1.9801980198019806, 
0.47974485831685587, -0.15371938571333885, 20.495918095111847, 2.079207920792078, 
0.4787480475878952, -0.1577477678656578, 21.033035715421043, 2.1782178217821757, 
0.47775123685893445, -0.16040283888578416, 21.38704518477122, 2.277227722772279, 
0.47675442612997376, -0.16437018513679505, 21.916024684906006, 2.3762376237623766, 
0.4757576154010131, -0.16787975579500197, 22.383967439333595, 2.475247524752474, 
0.4747608046720524, -0.1703059434890747, 22.70745913187663, 2.574257425742572, 
0.47376399394309165, -0.1735255979001522, 23.13674638668696, 2.673267326732675, 
0.47276718321413097, -0.1773098349571228, 23.641311327616375, 2.7722772277227725, 
0.4717703724851703, -0.18039215579628945, 24.05228743950526, 2.8712871287128703, 
0.4707735617562096, -0.1845273531973362, 24.60364709297816, 2.970297029702968, 
0.46977675102724886, -0.18651102483272552, 24.868136644363403, 3.069306930693071, 
0.4687799402982882, -0.1909666560590267, 25.462220807870228, 3.168316831683169, 
0.4677831295693275, -0.19420157223939896, 25.893542965253197, 3.2673267326732662, 
0.4667863188403668, -0.19728389456868173, 26.30451927582423, 3.366336633663364, 
0.46578950811140607, -0.20074769034981726, 26.766358713308968, 3.4653465346534675, 
0.4647926973824454, -0.20415045469999313, 27.22006062666575, 3.564356435643565, 
0.4637958866534847, -0.207415883988142, 27.655451198418934, 3.6633663366336626, 
0.462799075924524, -0.2109407179057598, 28.125429054101307, 3.7623762376237604, 
0.4618022651955633, -0.21355001181364058, 28.47333490848541, 3.861386138613863, 
0.4608054544666026, -0.2161593034863472, 28.821240464846294, 3.9603960396039612, 
0.4598086437376419, -0.2179751269519329, 29.06335026025772, 4.059405940594059, 
0.4588118330086812, -0.21945525333285332, 29.260700444380443, 4.158415841584156, 
0.4578150222797205, -0.2219424732029438, 29.592329760392506, 4.257425742574259, 
0.4568182115507598, -0.22426184564828872, 29.901579419771828, 4.356435643564357, 
0.4558214008217991, -0.2260013721883297, 30.13351629177729, 4.455445544554454, 
0.45482459009283843, -0.22883955538272857, 30.511940717697144, 4.554455445544552, 
0.4538277793638777, -0.23108262866735457, 30.811017155647274, 4.653465346534656, 
0.452830968634917, -0.2337682157754898, 31.169095436731975, 4.752475247524753, 
0.4518341579059563, -0.23587396070361139, 31.449861427148186, 4.8514851485148505, 
0.45083734717699564, -0.23625543639063834, 31.50072485208511, 4.950495049504948, 
0.4498405364480349, -0.2349126383662224, 31.32168511549632, 5.049504950495052, 
0.4488437257190742, -0.2324864573776722, 30.99819431702296, 5.1485148514851495, 
0.44784691499011353, -0.22975509092211724, 30.634012122948967, 5.247524752475247, 
0.44685010426115285, -0.22529945597052575, 30.039927462736767, 5.346534653465344, 
0.44585329353219216, -0.22024872079491614, 29.36649610598882, 5.445544554455442, 
0.4448564828032314, -0.21342793852090836, 28.45705846945445, 5.544554455445545, 
0.44385967207427074, -0.2043640799820423, 27.24854399760564, 5.643564356435643, 
0.44286286134531005, -0.1964599072933197, 26.19465430577596, 5.742574257425741, 
0.4418660506163493, -0.18579385206103324, 24.772513608137768, 5.841584158415843, 
0.44086923988738863, -0.17813381999731065, 23.75117599964142, 5.940594059405941, 
0.43987242915842795, -0.17004653960466384, 22.672871947288513, 6.03960396039604, 
0.43887561842946726, -0.15999084562063218, 21.33211274941762, 6.138613861386136, 
0.4378788077005066, -0.15097276195883752, 20.12970159451167, 6.237623762376234, 
0.43688199697154584, -0.1437399849295616, 19.165331323941547, 6.336633663366338, 
0.43588518624258515, -0.13618677034974097, 18.15823604663213, 6.435643564356434, 
0.43488837551362447, -0.13087663128972055, 17.450217505296074, 6.5346534653465325, 
0.43389156478466373, -0.12460517287254333, 16.614023049672443, 6.633663366336636, 
0.43289475405570305, -0.11909666582942009, 15.87955544392268, 6.732673267326733, 
0.43189794332674236, -0.11499198898673058, 15.332265198230743, 6.831683168316831, 
0.4309011325977817, -0.11094834879040719, 14.793113172054293, 6.930693069306929, 
0.429904321868821, -0.10711833350360393, 14.28244446714719, 7.029702970297027, 
0.42890751113986025, -0.10362401902675629, 13.816535870234173, 7.12871287128713, 
0.42791070041089957, -0.10016021989285946, 13.354695985714596, 7.227722772277227, 
0.4269138896819389, -0.09759670458734035, 13.012893944978712, 7.326732673267325, 
0.42591707895297815, -0.0944533459842205, 12.593779464562735, 7.425742574257428, 
0.42492026822401746, -0.09179827533662319, 12.239770044883091, 7.524752475247526, 
0.4239234574950568, -0.08935683220624924, 11.914244294166565, 7.623762376237623, 
0.4229266467660961, -0.08697642497718334, 11.596856663624445, 7.722772277227721, 
0.4219298360371354, -0.08674753941595555, 11.566338588794073, 7.821782178217819, 
0.42093302530817467, -0.0854505229741335, 11.3934030632178, 7.9207920792079225, 
0.419936214579214, -0.08876173198223114, 11.834897597630818, 8.01980198019802, 
0.4189394038502533, -0.08690013028681279, 11.586684038241705, 8.118811881188117, 
0.41794259312129256, -0.08436713181436062, 11.248950908581417, 8.21782178217822, 
0.4169457823923319, -0.08171206302940845, 10.89494173725446, 8.316831683168317, 
0.4159489716633712, -0.07914854809641839, 10.553139746189117, 8.415841584158416, 
0.4149521609344105, -0.07655451372265816, 10.207268496354422, 8.514851485148514, 
0.4139553502054498, -0.07408255189657212, 9.877673586209616, 8.61386138613861, 
0.4129585394764891, -0.07194628827273845, 9.592838436365128, 8.712871287128714, 
0.4119617287475284, -0.07000839225947857, 9.33445230126381, 8.811881188118813, 
0.4109649180185677, -0.06839093752205372, 9.118791669607162, 8.910891089108908, 
0.409968107289607, -0.06970321163535118, 9.293761551380157, 9.009900990099013, 
0.4089712965606463, -0.0695353627204895, 9.271381696065268, 9.10891089108911, 
0.4079744858316856, -0.06749065369367599, 8.998753825823465, 9.207920792079209, 
0.4069776751027249, -0.06544594392180443, 8.726125856240591, 9.306930693069305, 
0.40598086437376424, -0.06329442262649536, 8.439256350199381, 9.405940594059404, 
0.4049840536448035, -0.061722743697464465, 8.229699159661928, 9.504950495049506, 
0.4039872429158428, -0.060212101228535174, 8.02828016380469, 9.603960396039604, 
0.40299043218688213, -0.058533607237041, 7.8044809649388, 9.702970297029701, 
0.40199362145792145, -0.057373921200633046, 7.649856160084406, 9.8019801980198, 
0.40099681072896076, -0.05613794047385454, 7.485058729847273, 9.900990099009896, 
0.4, -0.05491721909493208, 7.322295879324277, 10.0, 
0.4000000059604645, -0.0547951465472579, 7.306019539634387, 9.99999940796685, 
0.4009968166304107, -0.05549706220626831, 7.3996082941691075, 9.900989512838462, 
0.40199362730035687, -0.05725185032933951, 7.633580043911935, 9.801979617710082, 
0.4029904379703031, -0.05912871025502682, 7.883828034003576, 9.702969722581694, 
0.40398724864024926, -0.059861143492162226, 7.981485798954964, 9.603959827453313, 
0.4049840593101955, -0.0608224606141448, 8.109661415219307, 9.504949932324925, 
0.40598086998014166, -0.06153963524848223, 8.20528469979763, 9.405940037196544, 
0.4069776806500879, -0.06263828296214342, 8.351771061619123, 9.306930142068156, 
0.40797449132003405, -0.06379797048866749, 8.506396065155664, 9.207920246939775, 
0.4089713019899803, -0.06489661894738674, 8.652882526318233, 9.108910351811387, 
0.40996811265992644, -0.06588845513761044, 8.785127351681393, 9.009900456683006, 
0.41096492332987267, -0.06704814285039902, 8.939752380053202, 8.910890561554618, 
0.41196173399981884, -0.06839093454182148, 9.118791272242865, 8.811880666426235, 
0.41295854466976506, -0.06987105906009675, 9.3161412080129, 8.71287077129785, 
0.4139553553397113, -0.07106126584112644, 9.474835445483526, 8.613860876169463, 
0.41495216600965745, -0.07258716635406018, 9.678288847208023, 8.51485098104108, 
0.4159489766796037, -0.07405203357338905, 9.873604476451874, 8.415841085912692, 
0.41694578734954985, -0.07548638246953487, 10.064850995937984, 8.316831190784312, 
0.41794259801949607, -0.07701228335499763, 10.268304447333017, 8.217821295655925, 
0.41893940868944224, -0.0791790645569563, 10.557208607594172, 8.118811400527543, 
0.41993621935938846, -0.08056763522326946, 10.742351363102594, 8.019801505399155, 
0.42093303002933463, -0.08216983154416084, 10.955977539221445, 7.920791610270774, 
0.42192984069928086, -0.08383306711912156, 11.177742282549541, 7.821781715142386, 
0.422926651369227, -0.085557334497571, 11.407644599676132, 7.722771820014005, 
0.42392346203917325, -0.08766308166086674, 11.688410888115564, 7.623761924885618, 
0.4249202727091194, -0.09187457114458084, 12.249942819277445, 7.524752029757236, 
0.42591708337906564, -0.09436179026961326, 12.581572035948435, 7.425742134628849, 
0.4269138940490118, -0.0968642696738243, 12.915235956509907, 7.326732239500467, 
0.42791070471895803, -0.09897001609206199, 13.196002145608265, 7.227722344372079, 
0.42890751538890426, -0.10148775391280651, 13.531700521707535, 7.128712449243693, 
0.42990432605885043, -0.10377660728991031, 13.836880971988041, 7.029702554115311, 
0.43090113672879665, -0.10719462856650352, 14.29261714220047, 6.930692658986923, 
0.4318979473987428, -0.11078049913048744, 14.770733217398327, 6.831682763858542, 
0.43289475806868905, -0.11403067111968994, 15.204089482625324, 6.732672868730155, 
0.4338915687386352, -0.11848630495369435, 15.798173993825912, 6.633662973601773, 
0.43488837940858144, -0.12437628731131553, 16.58350497484207, 6.534653078473386, 
0.4358851900785276, -0.1298084996640682, 17.307799955209095, 6.435643183345005, 
0.43688200074847383, -0.13704127445816994, 18.27216992775599, 6.336633288216617, 
0.43787881141842, -0.14312962517142297, 19.083950022856396, 6.237623393088235, 
0.4388756220883662, -0.15117112994194032, 20.156150658925377, 6.138613497959849, 
0.4398724327583124, -0.16002136394381522, 21.336181859175362, 6.039603602831466, 
0.4408692434282586, -0.16737620979547502, 22.316827972730003, 5.940593707703079, 
0.4418660540982048, -0.17508201748132707, 23.344268997510277, 5.841583812574697, 
0.442862864768151, -0.18525978401303292, 24.701304535071056, 5.742573917446309, 
0.44385967543809723, -0.19961852356791496, 26.61580314238866, 5.643564022317923, 
0.4448564861080434, -0.21350423470139504, 28.46723129351934, 5.544554127189541, 
0.4458532967779896, -0.21995880082249641, 29.327840109666187, 5.445544232061153, 
0.4468501074479358, -0.22505531087517738, 30.007374783356983, 5.3465343369327725, 
0.447846918117882, -0.23062485605478286, 30.749980807304382, 5.247524441804385, 
0.4488437287878282, -0.2337529569864273, 31.167060931523643, 5.148514546676003, 
0.4498405394577744, -0.236743725836277, 31.5658301115036, 5.0495046515476165, 
0.4508373501277206, -0.24531929492950438, 32.70923932393392, 4.950494756419234, 
0.4518341607976668, -0.25210955962538717, 33.61460795005162, None, 
0.452830971467613, -0.24499885439872743, 32.66651391983032, None, 
0.4538277821375592, -0.23862058520317078, 31.81607802708944, None, 
0.45482459280750537, -0.23483634516596794, 31.311512688795723, None, 
0.4558214034774516, -0.23091477751731873, 30.788637002309166, None, 
0.45681821414739776, -0.22734416648745537, 30.312555531660717, None, 
0.457815024817344, -0.23691157326102258, 31.588209768136345, None, 
0.4588118354872902, -0.2345769464969635, 31.276926199595135, None, 
0.4598086461572364, -0.23424124494194984, 31.23216599225998, None, 
0.4608054568271826, -0.2429083690047264, 32.387782533963524, None, 
0.46180226749712877, -0.2331883728504181, 31.091783046722416, None, 
0.462799078167075, -0.2266575112938881, 30.221001505851746, None, 
0.46379588883702116, -0.22101167365908622, 29.46822315454483, None, 
0.4647926995069674, -0.21249713897705078, 28.33295186360677, None, 
0.46578951017691356, -0.20654612258076668, 27.53948301076889, None, 
0.4667863208468598, -0.2050354778766632, 27.338063716888428, None, 
0.46778313151680595, -0.21495384275913237, 28.660512367884316, None, 
0.4687799421867522, -0.2050507366657257, 27.34009822209676, None, 
0.4697767528566984, -0.20067139714956284, 26.75618628660838, None, 
0.47077356352664457, -0.19771114736795425, 26.361486315727234, None, 
0.47177037419659074, -0.19299610778689386, 25.73281437158585, None, 
0.47276718486653696, -0.1892118714749813, 25.22824952999751, None, 
0.4737639955364832, -0.18512245416641235, 24.68299388885498, None, 
0.47476080620642935, -0.18142976760864257, 24.190635681152344, None, 
0.4757576168763756, -0.1778744176030159, 23.716589013735454, None, 
0.47675442754632175, -0.17413595989346503, 23.218127985795338, None, 
0.47775123821626797, -0.16832227110862732, 22.44296948115031, None, 
0.47874804888621414, -0.16490424945950508, 21.987233261267345, None, 
0.47974485955616036, -0.15892271399497987, 21.18969519933065, None, 
0.48074167022610653, -0.15655756518244743, 20.874342024326324, None, 
0.48173848089605276, -0.16690318137407303, 22.25375751654307, None, 
0.4827352915659989, -0.15660334303975104, 20.880445738633473, None, 
0.48373210223594515, -0.14695964083075524, 19.594618777434032, None, 
0.4847289129058914, -0.1362020306289196, 18.160270750522614, None, 
0.48572572357583754, -0.1299916073679924, 17.33221431573232, None, 
0.4867225342457837, -0.13760585747659207, 18.34744766354561, None, 
0.48771934491572994, -0.13147173300385476, 17.529564400513966, None, 
0.48871615558567616, -0.12314030677080154, 16.418707569440205, None, 
0.48971296625562233, -0.11422903724014759, 15.230538298686344, None, 
0.49070977692556855, -0.09887846224009991, 13.183794965346655, None, 
0.4917065875955147, -0.08375677168369293, 11.167569557825724, None, 
0.49270339826546095, -0.06732280403375626, 8.976373871167501, None, 
0.4937002089354071, -0.05239948108792305, 6.98659747838974, None, 
0.49469701960535334, -0.037018387392163274, 4.93578498562177, None, 
0.49569383027529956, -0.021484702872112394, 2.864627049614986, None, 
0.49669064094524573, -0.009353780606761574, 1.24717074756821, None, 
0.4976874516151919, -0.0011291676200926304, 0.15055568267901737, None, 
0.4986842622851381, 9.155413135886192e-05, 0.012207217514514923, None, 
0.49968107295508435, 0.00010681315325200558, 0.014241753766934076, None, 
0.5006778836250305, 0.00015259021893143654, 0.020345362524191536, None, 
