EC_Setpoint: 0.3300, EC_Read: -0.6800, IR_Temp: 1737.8621, VA_Temp: 0.0000
V0_Set: 5.0042, V0_Read 6.8647, Pulse_Bool: 1.0000, Rise_Threshold: 0.0000
Cathode Voltage: 0.0000, Cathode Current: 0.0000, Cathode Impedance: 0.0000, Cathode Power: 0.0000
Cu Gun Pf: 2149.3716, Cu Gun Pr: 375.3589, Cu Gun Pt: 6.2042, Cu Gun V: 127.2714
BH Pf: 99.8538, BH Pr: 3.6367, BH Pt: -4.9860, Pulse Frequency: 0.0000
SRF Pf: 39.5880, SRF Pr: 37.9169, SRF Pt: -38.1818, Pulse Duty: 0.0000
WF6H (A), WF7H(A), WF6V(A), WF7V(A), Avg'd Emitted Current(mA), Avg'd Loop Mid(mA), Avg'd Loop Bypass(mA), Cu Gun (kV), SRF Pt (dBm)
0.0, 0.0, 0.0, 0.0, -0.7863585520675406, 0.000238040741533041, 0.00014038300141692162, 127.45787811279297, -37.727272033691406
0.0, 0.0, 0.0, 0.0, -0.6523233843618073, 0.000238040741533041, 0.0001281757839024067, 127.36461639404297, -36.818180084228516
0.0, 0.0, 0.0, 0.0, -0.6658979645580985, 0.0002868696115911007, 0.00014038300141692162, 127.31800842285156, -37.272727966308594
0.0, 0.0, 0.0, 0.0, -0.853693503094837, 0.0002990768291056156, 0.00014038300141692162, 127.45787811279297, -37.272727966308594
0.0, 0.0, 0.0, 0.0, -0.743486830308102, 0.000238040741533041, 0.00016479743644595146, 127.41123962402344, -37.272727966308594
0.0, 0.0, 0.0, 0.0, -0.990072456074413, 0.0002990768291056156, 0.00016479743644595146, 127.27141571044922, -36.818180084228516
0.0, 0.0, 0.0, 0.0, -0.7002244612248615, 0.00025024795904755593, 0.00016479743644595146, 127.41123962402344, -37.272727966308594
0.0, 0.0, 0.0, 0.0, -0.6599893854185939, 0.0002624551765620708, 0.00014038300141692162, 127.41123962402344, -37.272727966308594
0.0, 0.0, 0.0, 0.0, -0.7842589833494276, 0.000238040741533041, 0.0001281757839024067, 127.41123962402344, -37.272727966308594
0.0, 0.0, 0.0, 0.0, -0.642411122370977, 0.00032349126413464544, 0.00016479743644595146, 127.41123962402344, -37.727272033691406
0.0, 0.0, 0.0, 0.0, -0.7833798902085982, 0.00025024795904755593, 0.00018921187147498132, 127.36461639404297, -37.272727966308594
0.0, 0.0, 0.0, 0.0, -0.739580349419266, 0.00032349126413464544, 0.00016479743644595146, 127.36461639404297, -37.727272033691406
0.0, 0.0, 0.0, 0.0, -0.7096973688621074, 0.00025024795904755593, 0.00015259021893143654, 127.36461639404297, -38.181819915771484
0.0, 0.0, 0.0, 0.0, -0.6806927954242564, 0.00032349126413464544, 0.00014038300141692162, 127.36461639404297, -37.272727966308594
0.0, 0.0, 0.0, 0.0, -0.843976573839318, 0.00025024795904755593, 0.00015259021893143654, 127.5045394897461, -36.818180084228516
0.0, 0.0, 0.0, 0.0, -0.7470512760430574, 0.00025024795904755593, 0.00016479743644595146, 127.41123962402344, -36.818180084228516
0.0, 0.0, 0.0, 0.0, -0.678593337694183, 0.00020141908898949624, 0.00018921187147498132, 127.41123962402344, -37.272727966308594
0.0, 0.0, 0.0, 0.0, -0.7687313310545869, 0.00027466239407658577, 0.00014038300141692162, 127.45787811279297, -37.272727966308594
0.0, 0.0, 0.0, 0.0, -0.6273230337304995, 0.00027466239407658577, 0.00014038300141692162, 127.36461639404297, -37.272727966308594
0.0, 0.0, 0.0, 0.0, -0.8584787252941168, 0.00020141908898949624, 0.00017700465396046637, 127.45787811279297, -37.272727966308594
0.0, 0.0, 0.0, 0.0, -0.6770795611385256, 0.00021362630650401115, 0.00017700465396046637, 127.41123962402344, -37.727272033691406
0.0, 0.0, 0.0, 0.0, -0.7694637636956759, 0.0003356984816491604, 0.00016479743644595146, 127.41123962402344, -37.272727966308594
0.0, 0.0, 0.0, 0.0, -0.7505670265317894, 0.00032349126413464544, 0.00015259021893143654, 127.36461639404297, -37.272727966308594
0.0, 0.0, 0.0, 0.0, -0.618094451832585, 0.0002990768291056156, 0.00015259021893143654, 127.27141571044922, -37.272727966308594
0.0, 0.0, 0.0, 0.0, -0.8485665511758999, 0.00027466239407658577, 0.00014038300141692162, 127.36461639404297, -36.818180084228516
0.0, 0.0, 0.0, 0.0, -0.8466622211318463, 0.00031128404662013055, 0.00015259021893143654, 127.41123962402344, -37.727272033691406
0.0, 0.0, 0.0, 0.0, -0.7895324031752534, 0.00032349126413464544, 0.0001281757839024067, 127.41123962402344, -37.727272033691406
0.0, 0.0, 0.0, 0.0, -0.6759566279547289, 0.00022583352401852607, 0.00014038300141692162, 127.36461639404297, -37.272727966308594
0.0, 0.0, 0.0, 0.0, -0.6890915976045653, 0.0002624551765620708, 0.00015259021893143654, 127.31800842285156, -37.272727966308594
0.0, 0.0, 0.0, 0.0, -0.7487116179103032, 0.0002624551765620708, 0.00015259021893143654, 127.41123962402344, -37.272727966308594
0.0, 0.0, 0.0, 0.0, -0.8044741726270876, 0.00034790569916367533, 0.0001281757839024067, 127.31800842285156, -36.818180084228516
0.0, 0.0, 0.0, 0.0, -0.9043291660165415, 0.00027466239407658577, 0.00016479743644595146, 127.36461639404297, -37.272727966308594
0.0, 0.0, 0.0, 0.0, -0.7073535062256269, 0.00034790569916367533, 0.00015259021893143654, 127.5045394897461, -37.272727966308594
0.0, 0.0, 0.0, 0.0, -0.7411918289260939, 0.0002868696115911007, 0.00016479743644595146, 127.31800842285156, -37.272727966308594
0.0, 0.0, 0.0, 0.0, -0.7283498585782945, 0.00025024795904755593, 0.00015259021893143654, 127.41123962402344, -36.818180084228516
0.0, 0.0, 0.0, 0.0, -0.757989039060194, 0.00031128404662013055, 0.00016479743644595146, 127.5045394897461, -37.272727966308594
0.0, 0.0, 0.0, 0.0, -0.8759107604785822, 0.00027466239407658577, 0.00016479743644595146, 127.45787811279297, -37.272727966308594
0.0, 0.0, 0.0, 0.0, -0.82674003389664, 0.0002624551765620708, 0.00016479743644595146, 127.45787811279297, -37.272727966308594
0.0, 0.0, 0.0, 0.0, -0.8056458376161754, 0.00025024795904755593, 0.00017700465396046637, 127.36461639404297, -36.818180084228516
0.0, 0.0, 0.0, 0.0, -0.872736867563799, 0.0002624551765620708, 0.00014038300141692162, 127.41123962402344, -37.272727966308594
0.0, 0.0, 0.0, 0.0, -0.6100376093992963, 0.00021362630650401115, 0.00015259021893143654, 127.41123962402344, -37.272727966308594
0.0, 0.0, 0.0, 0.0, -0.7682918594754301, 0.00021362630650401115, 0.00016479743644595146, 127.45787811279297, -36.818180084228516
0.0, 0.0, 0.0, 0.0, -0.7838195306272246, 0.0002624551765620708, 0.00018921187147498132, 127.36461639404297, -37.727272033691406
0.0, 0.0, 0.0, 0.0, -0.9440270118787885, 0.0002868696115911007, 0.00015259021893143654, 127.5045394897461, -36.818180084228516
